T
5
0, 0; 0, -1; 1, -1; -2, 0; -2, -1
12
0, 0; 0, 1; 0, 2; -1, 1; -1, 2; 0, -1; 0, -2; -1, -1; -1, -2; 1, 0; 0, 3; 0, -3
5
0, 0; 0, 1; 1, 1; -2, 0; -2, 1
5
0, 0; 0, 1; -1, 1; 2, 0; 2, 1
12
0, 0; -1, 0; -2, 0; -1, -1; -2, -1; 1, 0; 2, 0; 1, -1; 2, -1; 0, 1; -3, 0; 3, 0
5
0, 0; 0, 1; -1, 1; 2, 0; 2, 1
5
0, 0; 0, 1; 1, 1; -2, 0; -2, 1
12
0, 0; 0, -1; 0, -2; 1, -1; 1, -2; 0, 1; 0, 2; 1, 1; 1, 2; -1, 0; 0, -3; 0, 3
5
0, 0; 0, -1; 1, -1; -2, 0; -2, -1
5
0, 0; 0, -1; -1, -1; 2, 0; 2, -1
12
0, 0; -1, 0; -2, 0; -1, 1; -2, 1; 1, 0; 2, 0; 1, 1; 2, 1; 0, -1; -3, 0; 3, 0
5
0, 0; 0, -1; -1, -1; 2, 0; 2, -1
S
5
0, 0; 0, -1; 1, -1; -2, 0; -2, -1
12
0, 0; 0, 1; 0, 2; -1, 1; -1, 2; 0, -1; 0, -2; -1, -1; -1, -2; 1, 0; 0, 3; 0, -3
5
0, 0; 0, 1; 1, 1; -2, 0; -2, 1
5
0, 0; 0, 1; -1, 1; 2, 0; 2, 1
12
0, 0; -1, 0; -2, 0; -1, -1; -2, -1; 1, 0; 2, 0; 1, -1; 2, -1; 0, 1; -3, 0; 3, 0
5
0, 0; 0, 1; -1, 1; 2, 0; 2, 1
5
0, 0; 0, 1; 1, 1; -2, 0; -2, 1
12
0, 0; 0, -1; 0, -2; 1, -1; 1, -2; 0, 1; 0, 2; 1, 1; 1, 2; -1, 0; 0, -3; 0, 3
5
0, 0; 0, -1; 1, -1; -2, 0; -2, -1
5
0, 0; 0, -1; -1, -1; 2, 0; 2, -1
12
0, 0; -1, 0; -2, 0; -1, 1; -2, 1; 1, 0; 2, 0; 1, 1; 2, 1; 0, -1; -3, 0; 3, 0
5
0, 0; 0, -1; -1, -1; 2, 0; 2, -1
Z
5
0, 0; 0, -1; 1, -1; -2, 0; -2, -1
12
0, 0; 0, 1; 0, 2; -1, 1; -1, 2; 0, -1; 0, -2; -1, -1; -1, -2; 1, 0; 0, 3; 0, -3
5
0, 0; 0, 1; 1, 1; -2, 0; -2, 1
5
0, 0; 0, 1; -1, 1; 2, 0; 2, 1
12
0, 0; -1, 0; -2, 0; -1, -1; -2, -1; 1, 0; 2, 0; 1, -1; 2, -1; 0, 1; -3, 0; 3, 0
5
0, 0; 0, 1; -1, 1; 2, 0; 2, 1
5
0, 0; 0, 1; 1, 1; -2, 0; -2, 1
12
0, 0; 0, -1; 0, -2; 1, -1; 1, -2; 0, 1; 0, 2; 1, 1; 1, 2; -1, 0; 0, -3; 0, 3
5
0, 0; 0, -1; 1, -1; -2, 0; -2, -1
5
0, 0; 0, -1; -1, -1; 2, 0; 2, -1
12
0, 0; -1, 0; -2, 0; -1, 1; -2, 1; 1, 0; 2, 0; 1, 1; 2, 1; 0, -1; -3, 0; 3, 0
5
0, 0; 0, -1; -1, -1; 2, 0; 2, -1
J
5
0, 0; 0, -1; 1, -1; -2, 0; -2, -1
12
0, 0; 0, 1; 0, 2; -1, 1; -1, 2; 0, -1; 0, -2; -1, -1; -1, -2; 1, 0; 0, 3; 0, -3
5
0, 0; 0, 1; 1, 1; -2, 0; -2, 1
5
0, 0; 0, 1; -1, 1; 2, 0; 2, 1
12
0, 0; -1, 0; -2, 0; -1, -1; -2, -1; 1, 0; 2, 0; 1, -1; 2, -1; 0, 1; -3, 0; 3, 0
5
0, 0; 0, 1; -1, 1; 2, 0; 2, 1
5
0, 0; 0, 1; 1, 1; -2, 0; -2, 1
12
0, 0; 0, -1; 0, -2; 1, -1; 1, -2; 0, 1; 0, 2; 1, 1; 1, 2; -1, 0; 0, -3; 0, 3
5
0, 0; 0, -1; 1, -1; -2, 0; -2, -1
5
0, 0; 0, -1; -1, -1; 2, 0; 2, -1
12
0, 0; -1, 0; -2, 0; -1, 1; -2, 1; 1, 0; 2, 0; 1, 1; 2, 1; 0, -1; -3, 0; 3, 0
5
0, 0; 0, -1; -1, -1; 2, 0; 2, -1
L
5
0, 0; 0, -1; 1, -1; -2, 0; -2, -1
12
0, 0; 0, 1; 0, 2; -1, 1; -1, 2; 0, -1; 0, -2; -1, -1; -1, -2; 1, 0; 0, 3; 0, -3
5
0, 0; 0, 1; 1, 1; -2, 0; -2, 1
5
0, 0; 0, 1; -1, 1; 2, 0; 2, 1
12
0, 0; -1, 0; -2, 0; -1, -1; -2, -1; 1, 0; 2, 0; 1, -1; 2, -1; 0, 1; -3, 0; 3, 0
5
0, 0; 0, 1; -1, 1; 2, 0; 2, 1
5
0, 0; 0, 1; 1, 1; -2, 0; -2, 1
12
0, 0; 0, -1; 0, -2; 1, -1; 1, -2; 0, 1; 0, 2; 1, 1; 1, 2; -1, 0; 0, -3; 0, 3
5
0, 0; 0, -1; 1, -1; -2, 0; -2, -1
5
0, 0; 0, -1; -1, -1; 2, 0; 2, -1
12
0, 0; -1, 0; -2, 0; -1, 1; -2, 1; 1, 0; 2, 0; 1, 1; 2, 1; 0, -1; -3, 0; 3, 0
5
0, 0; 0, -1; -1, -1; 2, 0; 2, -1
I
5
0, 1; 0, -1; 0, 2; -1, -1; 2, 2
6
-1, 1; -1, 0; -1, -1; -1, 2; -1, 3; -2, 1
5
-1, 0; -1, -1; -1, 2; 1, -1; -2, 2
5
-1, 0; -1, -1; -1, 2; 1, -1; -2, 2
6
-1, -1; -2, -1; -3, -1; 0, -1; 1, -1; -1, -2
5
0, -1; 0, 1; 0, -2; 1, 1; -2, -2
5
0, -1; 0, 1; 0, -2; 1, 1; -2, -2
6
1, -1; 1, 0; 1, 1; 1, -2; 1, -3; 2, -1
5
1, 0; 1, 1; 1, -2; -1, 1; 2, -2
5
1, 0; 1, 1; 1, -2; -1, 1; 2, -2
6
1, 1; 0, 1; -1, 1; 2, 1; 3, 1; 1, 2
5
0, 1; 0, -1; 0, 2; -1, -1; 2, 2
O
1
1, 0
1
1, 1
1
0, 1
1
0, 1
1
-1, 1
1
-1, 0
1
-1, 0
1
-1, -1
1
0, -1
1
0, -1
1
1, -1
1
1, 0
